cam0:
  T_cam_imu:
  - [0.9999711474430529, 0.0013817010649267755, -0.007469617365767657, 0.00018050225881571712]
  - [-0.0014085305353606873, 0.9999925720306121, -0.00358774655345255, -0.004316353415695194]
  - [0.007464604688444933, 0.0035981642219379494, 0.9999656658561218, -0.027547385763471585]
  - [0.0, 0.0, 0.0, 1.0]
  cam_overlaps: []
  camera_model: pinhole
  distortion_coeffs: [-0.027576733308582076, -0.006593578674675004, 0.0008566938165177085,
    -0.00030899587045247486]
  distortion_model: equidistant
  intrinsics: [172.98992850734132, 172.98303181090185, 163.33639726024606, 134.99537889030861]
  resolution: [346, 260]
  rostopic: /dvs/image_raw
  timeshift_cam_imu: 0.005532805640108713

cam1:
  T_cn_cnm1:
    [0.999997256477881,   0.002312067192424,   0.000376008102415,  -0.110073808127187, 
    -0.002317135723281,   0.999898048506644,   0.014089835846648,   0.000399121547014,
    -0.000343393120525,  -0.014090668452714,   0.999900662637729,  -0.000853702503357, 
                     0,                   0,                   0,   1.000000000000000]

