cam0:
  T_cam_imu:
  - [0.9999, 0.0121, -0.0064, -0.0065]
  - [-0.0122, 1.0000, -0.0092, -0.0003]
  - [0.0063, 0.0093, 1.0000, -0.0342]
  - [0.0, 0.0, 0.0, 1.0]
  cam_overlaps: []
  camera_model: pinhole
  distortion_coeffs: [-0.368436311798, 0.150947243557, -0.000296130534385,
    -0.000759431726241]
  distortion_model: radtan
  intrinsics: [199.092366542, 198.82882047, 132.192071378, 110.712660011]
  resolution: [240, 180]
  rostopic: /dvs/image_raw
  timeshift_cam_imu: 0

cam1:
  T_cn_cnm1:
    [0.999997256477881,   0.002312067192424,   0.000376008102415,  -0.110073808127187, 
    -0.002317135723281,   0.999898048506644,   0.014089835846648,   0.000399121547014,
    -0.000343393120525,  -0.014090668452714,   0.999900662637729,  -0.000853702503357, 
                     0,                   0,                   0,   1.000000000000000]

